20
511
1 3 8
1 3 9
1 4 8
1 4 9
2 3 8
2 3 9
2 4 8
2 4 9
3 3 8
3 3 9
3 4 8
3 4 9
4 3 8
4 3 9
4 4 8
4 4 9
5 3 8
5 3 9
5 4 8
5 4 9
6 1 6
6 1 7
6 1 8
6 1 11
6 1 12
6 1 13
6 2 6
6 2 7
6 2 8
6 2 9
6 2 11
6 2 12
6 2 13
6 3 8
6 3 9
6 4 8
6 4 9
7 0 7
7 0 8
7 0 9
7 0 10
7 0 11
7 0 12
7 1 6
7 1 7
7 1 8
7 1 9
7 1 10
7 1 11
7 1 12
7 1 13
7 2 6
7 2 7
7 2 8
7 2 9
7 2 10
7 2 11
7 2 12
7 2 13
7 3 6
7 3 7
7 3 8
7 3 9
7 3 11
7 3 12
7 3 13
7 4 8
7 4 9
8 0 7
8 0 8
8 0 9
8 0 10
8 0 11
8 0 12
8 1 6
8 1 7
8 1 8
8 1 9
8 1 10
8 1 11
8 1 12
8 1 13
8 2 6
8 2 7
8 2 8
8 2 9
8 2 10
8 2 11
8 2 12
8 2 13
8 3 6
8 3 7
8 3 8
8 3 9
8 3 10
8 3 11
8 3 12
8 3 13
8 4 6
8 4 7
8 4 8
8 4 9
8 4 10
8 4 11
8 4 12
8 4 13
9 0 7
9 0 8
9 0 9
9 0 10
9 0 11
9 0 12
9 1 6
9 1 7
9 1 8
9 1 9
9 1 10
9 1 11
9 1 12
9 1 13
9 2 6
9 2 7
9 2 8
9 2 9
9 2 10
9 2 11
9 2 12
9 2 13
9 3 6
9 3 7
9 3 8
9 3 9
9 3 10
9 3 11
9 3 12
9 3 13
9 4 6
9 4 7
9 4 8
9 4 9
9 4 10
9 4 11
9 4 12
9 4 13
9 5 6
9 5 7
9 5 8
9 5 10
9 5 11
9 5 12
9 5 13
10 0 7
10 0 8
10 0 9
10 0 10
10 0 11
10 0 12
10 1 6
10 1 7
10 1 8
10 1 9
10 1 10
10 1 11
10 1 12
10 1 13
10 2 6
10 2 7
10 2 8
10 2 9
10 2 10
10 2 11
10 2 12
10 2 13
10 3 6
10 3 7
10 3 8
10 3 9
10 3 10
10 3 11
10 3 12
10 3 13
10 4 6
10 4 7
10 4 8
10 4 9
10 4 10
10 4 11
10 4 12
10 4 13
10 5 6
10 5 7
10 5 8
10 5 9
10 5 10
10 5 11
10 5 12
10 5 13
11 0 7
11 0 8
11 0 9
11 0 10
11 0 11
11 0 12
11 1 6
11 1 7
11 1 8
11 1 9
11 1 10
11 1 11
11 1 12
11 1 13
11 2 6
11 2 7
11 2 8
11 2 9
11 2 10
11 2 11
11 2 12
11 2 13
11 3 6
11 3 7
11 3 8
11 3 9
11 3 10
11 3 11
11 3 12
11 3 13
11 4 6
11 4 7
11 4 8
11 4 9
11 4 10
11 4 11
11 4 12
11 4 13
11 5 6
11 5 7
11 5 8
11 5 9
11 5 10
11 5 11
11 5 12
11 5 13
12 0 7
12 0 8
12 0 9
12 0 10
12 0 11
12 0 12
12 1 6
12 1 7
12 1 8
12 1 9
12 1 10
12 1 11
12 1 12
12 1 13
12 2 6
12 2 7
12 2 8
12 2 9
12 2 10
12 2 11
12 2 12
12 2 13
12 3 6
12 3 7
12 3 8
12 3 9
12 3 10
12 3 11
12 3 12
12 3 13
12 4 6
12 4 7
12 4 8
12 4 9
12 4 10
12 4 11
12 4 12
12 4 13
12 5 6
12 5 7
12 5 8
12 5 9
12 5 10
12 5 11
12 5 12
12 5 13
13 0 7
13 0 8
13 0 9
13 0 10
13 0 11
13 0 12
13 1 6
13 1 7
13 1 8
13 1 9
13 1 10
13 1 11
13 1 12
13 1 13
13 2 6
13 2 7
13 2 8
13 2 9
13 2 10
13 2 11
13 2 12
13 2 13
13 3 6
13 3 7
13 3 8
13 3 9
13 3 10
13 3 11
13 3 12
13 3 13
13 4 6
13 4 7
13 4 8
13 4 9
13 4 10
13 4 11
13 4 12
13 4 13
13 5 6
13 5 7
13 5 8
13 5 9
13 5 10
13 5 11
13 5 12
13 5 13
14 0 7
14 0 8
14 0 9
14 0 10
14 0 11
14 0 12
14 1 6
14 1 7
14 1 8
14 1 9
14 1 10
14 1 11
14 1 12
14 1 13
14 2 6
14 2 7
14 2 8
14 2 9
14 2 10
14 2 11
14 2 12
14 2 13
14 3 6
14 3 7
14 3 8
14 3 9
14 3 10
14 3 11
14 3 12
14 3 13
14 4 6
14 4 7
14 4 8
14 4 9
14 4 10
14 4 11
14 4 12
14 4 13
14 5 6
14 5 7
14 5 8
14 5 9
14 5 10
14 5 11
14 5 12
14 5 13
15 0 7
15 0 8
15 0 9
15 0 10
15 0 11
15 0 12
15 1 6
15 1 7
15 1 8
15 1 9
15 1 10
15 1 11
15 1 12
15 1 13
15 2 6
15 2 7
15 2 8
15 2 9
15 2 10
15 2 11
15 2 12
15 2 13
15 3 6
15 3 7
15 3 8
15 3 9
15 3 10
15 3 11
15 3 12
15 3 13
15 4 6
15 4 7
15 4 8
15 4 9
15 4 10
15 4 11
15 4 12
15 4 13
15 5 6
15 5 7
15 5 8
15 5 9
15 5 10
15 5 11
15 5 12
15 5 13
16 0 7
16 0 8
16 0 9
16 0 10
16 0 11
16 0 12
16 1 6
16 1 7
16 1 8
16 1 9
16 1 10
16 1 11
16 1 12
16 1 13
16 2 6
16 2 7
16 2 8
16 2 9
16 2 10
16 2 11
16 2 12
16 2 13
16 3 6
16 3 7
16 3 8
16 3 9
16 3 10
16 3 11
16 3 12
16 3 13
16 4 6
16 4 7
16 4 8
16 4 9
16 4 10
16 4 11
16 4 12
16 4 13
16 5 8
16 5 9
16 5 10
16 5 11
17 0 7
17 0 12
17 1 6
17 1 7
17 1 8
17 1 11
17 1 12
17 1 13
17 2 6
17 2 7
17 2 8
17 2 11
17 2 12
17 2 13
17 3 6
17 3 7
17 3 8
17 3 9
17 3 10
17 3 11
17 3 12
17 3 13
17 4 8
17 4 9
17 4 10
17 4 11
17 5 8
17 5 9
17 5 10
17 5 11
18 1 6
18 1 7
18 1 8
18 1 11
18 1 12
18 1 13
18 2 6
18 2 7
18 2 8
18 2 11
18 2 12
18 2 13
