20
194
7 0 8
7 0 9
7 0 10
7 0 11
7 9 8
7 9 9
7 10 8
7 10 9
7 11 7
7 11 8
7 11 9
7 12 7
7 12 8
7 12 9
7 13 8
7 13 9
7 14 7
7 14 8
7 14 9
7 15 8
7 15 9
7 16 8
7 16 9
7 17 7
7 17 8
7 17 9
8 0 7
8 0 8
8 0 9
8 0 10
8 0 11
8 9 8
8 9 9
8 9 10
8 9 11
8 10 7
8 10 8
8 10 9
8 10 10
8 10 11
8 11 7
8 11 8
8 11 9
8 11 10
8 11 11
8 12 7
8 12 8
8 12 9
8 12 10
8 12 11
8 13 7
8 13 8
8 13 9
8 13 10
8 13 11
8 14 7
8 14 8
8 14 9
8 14 10
8 14 11
8 15 7
8 15 8
8 15 9
8 15 10
8 15 11
8 16 7
8 16 8
8 16 9
8 16 10
8 16 11
8 17 7
8 17 8
8 17 9
8 17 10
8 17 11
9 0 7
9 0 8
9 0 9
9 0 10
9 0 11
9 1 9
9 1 10
9 2 9
9 2 10
9 3 9
9 3 10
9 4 9
9 4 10
9 5 9
9 5 10
9 6 9
9 6 10
9 7 9
9 7 10
9 8 9
9 8 10
9 9 8
9 9 9
9 9 10
9 9 11
9 10 7
9 10 8
9 10 9
9 10 10
9 10 11
9 11 7
9 11 8
9 11 9
9 11 10
9 11 11
9 12 7
9 12 8
9 12 9
9 12 10
9 12 11
9 13 7
9 13 8
9 13 9
9 13 10
9 13 11
9 14 7
9 14 8
9 14 9
9 14 10
9 14 11
9 15 7
9 15 8
9 15 9
9 15 10
9 15 11
9 16 7
9 16 8
9 16 9
9 16 10
9 16 11
9 17 7
9 17 8
9 17 9
9 17 10
9 17 11
10 0 7
10 0 8
10 0 9
10 0 10
10 0 11
10 9 8
10 9 9
10 9 10
10 10 8
10 10 9
10 10 10
10 11 8
10 11 9
10 11 10
10 12 8
10 12 9
10 12 10
10 13 8
10 13 9
10 13 10
10 14 8
10 14 9
10 14 10
10 15 8
10 15 9
10 15 10
10 16 8
10 16 9
10 16 10
10 17 8
10 17 9
10 17 10
11 0 8
11 0 9
11 0 10
11 0 11
11 9 9
11 9 10
11 10 9
11 10 10
11 11 9
11 11 10
11 12 9
11 12 10
11 13 9
11 13 10
11 14 9
11 14 10
11 15 9
11 15 10
11 16 9
11 16 10
11 17 9
11 17 10
